3 48 1
43 66 2
45 60 2
67 25 2
9 66 1
6 29 1
43 18 2
49 47 2
28 57 2
45 31 2
65 75 2
75 23 2
53 62 2
37 28 2
61 13 2
79 18 2
2 55 1
34 12 2
0 70 1
50 70 2
5 15 1
34 51 2
27 41 2
47 35 2
79 30 2
59 45 2
17 43 2
37 70 2
1 27 1
62 18 2
51 75 2
79 22 2
18 17 2
79 71 1
27 44 2
53 33 2
30 29 2
30 23 2
55 19 2
30 36 2
16 55 2
10 7 2
10 42 1
1 24 1
73 64 2
59 53 2
3 67 1
56 64 2
34 78 2
12 68 1
2 64 1
60 75 2
20 55 2
28 25 2
19 34 2
54 35 2
40 1 2
40 17 2
0 24 2
0 25 2
2 80 1
61 72 2
20 80 2
0 26 1
28 2 2
18 33 2
56 62 2
73 57 2
23 38 2
66 27 2
44 28 2
40 24 2
57 27 2
36 72 2
66 32 2
38 39 2
17 40 2
13 23 2
20 37 2
25 35 2
36 61 2
76 1 2
68 50 2
33 26 2
28 62 2
54 59 2
49 12 2
12 11 2
59 58 2
3 52 1
49 23 2
58 73 2
53 17 2
11 64 1
55 71 2
2 26 1
55 34 2
36 79 2
24 21 2
18 73 2
6 30 1
46 77 2
61 62 2
47 77 2
26 22 2
42 20 2
61 55 2
21 47 2
75 30 2
62 16 2
45 0 2
18 80 2
51 48 2
21 72 2
64 41 2
70 39 2
37 40 2
61 60 2
54 79 2
10 33 1
33 41 2
60 52 2
47 5 2
24 55 2
60 25 2
15 38 2
44 36 2
74 54 2
64 1 2
24 68 2
70 41 2
48 27 2
47 34 2
30 34 2
48 32 2
34 42 2
49 34 2
12 62 1
18 30 2
58 52 2
53 18 2
8 21 1
58 2 2
19 35 2
70 62 2
23 30 2
72 35 2
43 25 2
21 3 2
78 3 2
42 57 2
23 66 2
6 55 1
9 3 2
7 59 1
30 17 2
75 67 2
70 18 2
64 63 2
15 54 2
41 5 2
69 32 2
24 70 2
32 30 2
65 25 2
43 67 2
50 74 2
20 46 2
7 0 2
33 27 2
41 59 2
77 58 2
66 29 2
16 31 2
5 80 1
47 66 2
13 29 2
48 67 2
40 70 2
3 76 1
35 58 2
19 80 2
42 58 2
37 45 2
15 0 2
75 71 2
65 56 2
54 9 2
46 27 2
39 73 2
66 34 2
19 40 2
73 16 2
36 67 2
71 62 2
3 5 1
32 62 2
6 51 1
6 66 1
69 75 2
1 73 1
14 61 2
0 80 1
25 53 2
42 48 2
65 58 2
63 18 2
46 63 2
10 19 2
59 77 2
34 48 2
61 39 2
5 27 1
39 46 2
1 61 1
27 53 2
20 78 2
15 16 2
54 33 2
49 66 2
53 76 2
79 54 1
26 71 2
43 69 2
62 69 2
25 65 2
44 46 2
7 28 1
40 28 2
8 14 1
48 6 2
31 69 2
40 36 2
21 32 2
72 15 2
44 6 2
27 59 2
66 80 2
20 31 2
22 25 2
42 4 2
66 50 2
78 24 2
5 1 1
66 14 2
34 28 2
31 15 2
71 53 2
37 9 2
15 12 2
28 24 2
21 5 2
6 39 1
22 52 2
66 1 2
30 5 2
24 33 2
1 65 1
48 45 2
23 39 2
78 54 2
30 80 2
69 52 2
76 12 2
19 58 2
59 30 2
76 46 2
28 43 2
48 9 2
73 48 2
32 67 2
55 42 2
1 16 2
64 14 2
62 6 2
63 28 2
75 72 2
32 40 2
25 49 2
64 79 2
4 65 1
45 19 2
37 24 2
46 12 2
13 55 2
56 13 2
57 78 2
6 37 1
10 66 1
25 62 2
18 5 2
0 38 1
27 11 2
22 64 2
11 0 2
12 30 2
33 25 2
79 28 2
11 33 2
69 72 2
35 10 2
38 32 2
20 41 2
62 9 2
77 59 2
33 5 2
49 10 2
18 59 2
41 72 2
48 79 2
62 66 2
34 45 2
46 76 2
68 14 2
7 75 1
17 76 2
46 8 2
19 52 2
29 71 2
67 46 2
37 10 2
75 69 2
72 10 2
78 69 1
64 7 2
47 60 2
20 57 2
80 46 1
45 15 2
4 42 1
42 12 2
52 47 2
12 8 2
9 51 1
54 78 2
7 4 2
16 42 2
66 3 2
27 62 2
1 23 1
75 66 2
41 31 2
72 68 2
24 36 2
15 34 2
76 53 2
6 56 1
44 22 2
79 1 2
63 22 2
15 23 2
75 35 2
73 22 2
3 40 1
60 46 2
66 36 2
53 32 2
10 74 1
32 64 2
49 8 2
8 68 1
59 12 2
47 44 2
52 13 2
25 5 2
17 78 2
34 23 2
63 0 2
76 50 2
32 71 2
24 38 2
12 50 1
5 24 1
5 71 1
53 6 2
14 5 2
64 34 2
27 14 2
75 47 2
2 70 1
60 33 2
72 1 2
66 60 2
4 9 1
64 12 2
61 77 2
45 77 2
10 11 2
59 71 2
80 1 2
74 0 2
73 51 2
16 1 2
79 66 1
5 57 1
58 28 2
29 51 2
60 44 2
78 31 2
74 24 2
23 40 2
76 16 2
41 54 2
6 14 1
24 63 2
50 42 2
13 9 2
66 8 2
20 33 2
1 12 2
35 13 2
54 37 2
58 7 2
59 42 2
23 45 2
32 3 2
33 38 2
6 69 1
14 1 2
39 13 2
47 29 2
27 5 2
23 79 2
17 72 2
50 64 2
2 34 1
58 56 2
26 21 2
33 80 2
35 9 2
46 20 2
48 29 2
5 47 1
42 61 2
31 79 2
58 39 2
9 60 1
72 36 2
5 58 1
9 41 1
13 53 2
9 0 2
60 57 2
45 61 2
35 51 2
10 78 1
50 47 2
2 59 1
46 54 2
1 25 1
49 2 2
21 65 2
32 48 2
61 47 2
53 63 2
73 33 2
44 76 2
67 62 2
10 20 2
28 75 2
10 35 1
10 60 1
15 36 2
55 45 2
64 58 2
69 66 2
49 49 2
27 25 2
11 19 2
57 65 2
70 24 2
3 17 1
13 64 2
63 52 2
76 75 2
41 38 2
26 59 2
50 45 2
71 8 2
2 37 1
2 41 1
27 70 2
55 49 2
29 9 2
33 58 2
57 4 2
0 76 1
75 52 2
41 17 2
57 68 2
64 76 2
32 10 2
74 52 2
58 9 2
24 56 2
6 52 1
79 35 2
24 64 2
74 22 2
3 36 1
52 9 2
65 79 2
60 29 2
6 10 1
34 52 2
22 23 2
38 56 2
16 11 2
42 23 2
21 52 2
20 32 2
64 10 2
25 9 2
18 2 2
8 18 1
3 16 1
23 41 2
77 54 2
15 4 2
4 24 1
24 34 2
34 57 2
64 32 2
28 34 2
0 7 2
48 38 2
36 50 2
35 39 2
23 73 2
0 79 1
20 23 2
26 42 2
32 28 2
33 32 2
13 19 2
62 32 2
8 50 1
9 56 1
11 70 1
61 50 2
75 24 2
78 56 2
54 38 2
72 16 2
52 0 2
52 37 2
43 12 2
59 61 2
44 66 2
13 7 2
57 6 2
2 60 1
10 57 1
74 38 2
18 0 2
54 40 2
43 43 2
51 28 2
46 46 2
53 9 2
16 45 2
52 8 2
11 57 1
61 35 2
17 61 2
8 56 1
70 9 2
75 53 2
64 25 2
43 22 2
77 52 2
27 29 2
17 2 2
57 0 2
39 49 2
70 80 2
73 36 2
48 66 2
41 79 2
30 37 2
23 10 2
45 2 2
32 23 2
6 60 1
31 71 2
50 6 2
71 79 2
80 54 1
79 56 1
67 32 2
3 73 1
56 9 2
39 1 2
79 42 2
10 34 1
72 28 2
76 33 2
66 2 2
3 57 1
54 12 2
12 3 2
61 74 2
51 78 2
74 71 2
77 69 2
70 5 2
8 2 2
41 14 2
46 30 2
43 76 2
35 75 2
42 76 2
5 53 1
47 70 2
64 47 2
40 72 2
74 26 2
4 3 1
4 19 1
78 8 2
59 59 2
76 37 2
31 7 2
17 66 2
50 33 2
30 12 2
75 15 2
58 11 2
21 46 2
1 43 1
58 3 2
29 1 2
62 51 2
35 7 2
11 63 1
1 21 1
38 55 2
11 16 2
68 67 2
57 12 2
63 66 2
80 21 2
36 68 2
57 26 2
63 19 2
32 54 2
21 17 2
48 49 2
19 76 2
42 2 2
64 40 2
66 17 2
22 32 2
30 3 2
42 9 2
17 70 2
24 15 2
25 23 2
70 14 2
24 53 2
36 52 2
68 3 2
27 74 2
21 69 2
64 46 2
2 14 1
79 38 2
44 80 2
70 52 2
52 29 2
75 37 2
69 51 2
66 35 2
67 52 2
67 55 2
28 48 2
67 38 2
50 1 2
62 29 2
24 19 2
33 71 2
14 40 2
55 46 2
28 32 2
37 39 2
21 18 2
39 44 2
48 13 2
47 73 2
55 29 2
2 44 1
55 41 2
32 39 2
38 20 2
32 78 2
7 13 1
48 63 2
10 56 1
53 20 2
34 18 2
65 50 2
44 48 2
28 29 2
68 66 2
48 40 2
65 32 2
24 3 2
13 62 2
46 21 2
34 27 2
29 75 2
75 31 2
19 11 2
77 74 2
11 17 2
29 33 2
57 55 2
43 40 2
13 48 2
67 3 2
57 16 2
76 27 2
24 62 2
10 49 1
68 57 2
73 44 2
60 32 2
3 46 1
62 1 2
69 13 2
5 16 1
51 27 2
39 38 2
79 12 2
18 43 2
0 12 2
26 2 2
78 39 2
14 53 2
50 31 2
21 68 2
59 48 2
42 65 2
38 47 2
75 38 2
42 52 2
44 2 2
21 70 2
72 71 2
6 32 1
31 58 2
15 80 2
55 7 2
42 54 2
41 37 2
18 40 2
16 58 2
51 3 2
71 73 2
42 75 2
4 21 1
46 25 2
39 50 2
59 66 2
41 1 2
21 58 2
51 13 2
45 45 2
3 66 1
16 67 2
49 67 2
76 36 2
64 50 2
5 38 1
19 78 2
6 50 1
41 8 2
7 23 1
58 14 2
32 61 2
29 11 2
31 27 2
22 77 2
79 51 1
39 37 2
80 51 1
63 47 2
53 67 2
64 20 2
14 0 2
53 70 2
63 5 2
31 45 2
17 48 2
38 41 2
45 29 2
63 20 2
66 67 2
26 68 2
72 33 2
56 57 2
59 13 2
23 62 2
9 45 1
3 34 1
28 5 2
67 28 2
19 66 2
6 5 1
44 74 2
79 27 2
70 56 2
2 33 1
44 63 2
11 12 2
67 54 2
3 44 1
77 8 2
73 1 2
51 21 2
17 13 2
39 29 2
66 54 2
25 42 2
58 20 2
4 60 1
64 19 2
17 57 2
11 3 2
49 73 2
30 74 2
43 75 2
4 39 1
31 17 2
56 61 2
69 61 2
68 26 2
37 32 2
11 56 1
62 4 2
26 66 2
17 60 2
71 19 2
8 36 1
60 67 2
49 1 2
72 18 2
72 34 2
67 53 2
6 7 1
15 57 2
40 25 2
68 19 2
78 61 2
71 45 2
15 41 2
44 37 2
38 17 2
15 3 2
28 30 2
74 61 2
28 14 2
67 71 2
63 39 2
36 57 2
16 70 2
54 15 2
31 68 2
16 63 2
40 62 2
18 67 2
3 4 2
15 62 2
78 47 2
13 59 2
17 14 2
14 42 2
12 47 2
70 23 2
75 9 2
75 48 2
62 12 2
40 35 2
2 13 1
24 27 2
42 46 2
11 49 1
35 4 2
78 5 2
59 2 2
74 73 2
20 79 2
11 59 1
0 3 2
76 57 2
12 15 2
44 42 2
57 48 2
78 63 2
10 39 1
30 78 2
34 41 2
16 29 2
62 38 2
55 50 2
79 37 2
65 17 2
50 19 2
43 71 2
73 21 2
23 21 2
34 1 2
57 3 2
10 12 2
8 16 1
1 7 2
35 78 2
18 42 2
79 52 1
11 7 2
49 65 2
75 62 2
56 24 2
18 46 2
26 48 2
67 37 2
9 35 1
59 18 2
47 51 2
10 54 1
16 18 2
73 19 2
62 22 2
77 16 2
66 18 2
1 37 1
12 16 2
56 40 2
66 70 2
59 10 2
80 45 1
25 7 2
71 26 2
64 16 2
17 71 2
11 79 1
78 59 2
53 66 2
77 73 2
21 1 2
31 78 2
12 36 2
1 20 1
42 47 2
1 72 1
40 29 2
48 55 2
77 37 2
25 6 2
25 29 2
38 67 2
31 13 2
2 57 1
19 1 2
15 40 2
21 62 2
26 32 2
59 21 2
7 14 1
74 44 2
37 4 2
52 31 2
9 79 1
75 29 2
80 3 2
80 48 1
49 28 2
30 53 2
74 79 2
21 12 2
77 13 2
51 16 2
25 3 2
13 73 1
78 46 2
24 0 2
14 6 2
38 42 2
61 66 2
40 12 2
75 20 2
39 80 2
26 78 2
73 12 2
2 67 1
32 66 2
67 13 2
16 35 2
38 24 2
64 26 2
47 64 2
22 50 2
14 65 2
32 42 2
37 44 2
40 14 2
18 63 2
37 41 2
28 4 2
27 31 2
62 77 2
69 15 2
6 73 1
4 4 1
36 24 2
0 20 2
18 52 2
80 70 1
44 70 2
21 34 2
63 58 2
68 62 2
31 25 2
19 32 2
57 41 2
58 0 2
32 1 2
76 41 2
54 66 2
50 28 2
25 27 2
55 51 2
13 41 2
43 62 2
57 40 2
13 39 2
74 62 2
67 67 2
69 21 2
71 25 2
2 39 1
63 7 2
69 43 2
78 43 2
35 52 2
4 76 1
28 56 2
4 44 1
19 42 2
21 76 2
46 61 2
44 45 2
10 43 1
45 72 2
54 6 2
71 23 2
27 37 2
9 40 1
19 60 2
35 5 2
70 36 2
24 37 2
37 77 2
21 9 2
3 32 1
23 36 2
32 2 2
6 8 1
49 55 2
17 59 2
48 60 2
30 54 2
66 42 2
79 55 1
19 5 2
29 16 2
36 18 2
8 22 1
26 70 2
45 74 2
63 64 2
48 28 2
79 5 2
4 51 1
40 3 2
42 64 2
55 13 2
76 22 2
45 69 2
70 46 2
57 7 2
55 31 2
26 61 2
4 50 1
67 18 2
42 37 2
45 65 2
16 23 2
2 73 1
66 55 2
49 29 2
55 26 2
31 61 2
31 35 2
36 70 2
74 39 2
61 6 2
17 42 2
43 42 2
21 44 2
25 47 2
40 50 2
19 45 2
34 30 2
37 63 2
25 59 2
50 10 2
52 50 2
22 55 2
45 49 2
33 24 2
32 25 2
51 5 2
0 2 2
44 34 2
40 15 2
55 61 2
17 4 2
54 25 2
4 26 1
4 27 1
67 2 2
55 74 2
3 69 1
23 49 2
1 18 1
36 10 2
37 7 2
13 61 2
56 71 2
15 45 2
49 36 2
76 62 2
52 18 2
42 25 2
47 10 2
4 79 1
61 63 2
65 33 2
62 45 2
39 59 2
35 28 2
73 38 2
5 29 1
66 23 2
19 68 2
9 71 1
51 26 2
10 47 1
79 76 1
49 60 2
44 21 2
45 17 2
26 77 2
24 30 2
66 57 2
65 63 2
27 7 2
35 34 2
25 36 2
73 65 2
46 26 2
41 6 2
62 50 2
67 16 2
36 26 2
41 32 2
31 29 2
5 13 1
79 34 2
78 49 2
62 57 2
47 23 2
79 44 2
57 24 2
35 68 2
66 19 2
31 37 2
55 68 2
78 21 2
41 12 2
42 74 2
67 44 2
53 68 2
52 12 2
56 38 2
66 64 2
54 80 2
77 2 2
42 68 2
76 14 2
77 5 2
56 33 2
33 16 2
75 28 2
13 2 2
78 29 2
48 36 2
11 78 1
51 39 2
57 53 2
4 17 1
46 4 2
47 76 2
30 62 2
53 15 2
79 59 1
51 53 2
78 67 1
58 64 2
36 36 2
35 77 2
10 16 2
10 24 2
79 2 2
27 73 2
38 18 2
12 18 2
11 73 1
52 78 2
4 5 1
63 76 2
70 29 2
25 33 2
44 40 2
69 69 2
12 56 1
44 38 2
22 48 2
61 78 2
19 6 2
13 27 2
2 12 1
36 40 2
25 78 2
6 22 1
78 37 2
36 27 2
76 74 2
53 29 2
11 52 1
62 35 2
44 56 2
16 61 2
11 1 2
28 37 2
3 38 1
23 51 2
43 5 2
31 36 2
20 73 2
30 46 2
1 38 1
38 49 2
53 46 2
48 20 2
46 52 2
10 4 2
34 10 2
12 49 2
3 78 1
15 11 2
67 34 2
53 36 2
2 79 1
66 76 2
41 39 2
22 41 2
26 52 2
79 67 1
43 79 2
18 7 2
78 36 2
20 39 2
71 44 2
36 76 2
24 24 2
41 4 2
56 60 2
2 52 1
37 58 2
78 17 2
9 11 2
56 6 2
66 52 2
3 45 1
8 27 1
74 8 2
66 7 2
41 50 2
6 18 1
26 26 2
67 59 2
7 1 2
45 10 2
30 14 2
43 34 2
63 29 2
73 4 2
12 48 2
50 13 2
17 8 2
29 5 2
28 69 2
60 72 2
8 75 1
61 29 2
55 69 2
52 26 2
51 38 2
10 21 2
34 8 2
27 30 2
51 46 2
75 36 2
40 46 2
25 67 2
68 75 2
46 59 2
72 7 2
49 24 2
35 25 2
50 79 2
43 38 2
50 32 2
49 78 2
75 76 2
17 23 2
10 45 1
46 15 2
10 14 2
67 24 2
51 36 2
67 36 2
16 65 2
67 30 2
30 55 2
5 21 1
58 17 2
20 71 2
28 47 2
45 42 2
10 52 1
16 57 2
77 40 2
11 54 1
28 36 2
17 18 2
73 78 2
26 1 2
38 29 2
17 10 2
63 70 2
25 77 2
36 75 2
20 45 2
45 51 2
67 74 2
52 65 2
30 50 2
69 53 2
67 69 2
9 17 1
5 49 1
4 47 1
43 61 2
50 0 2
78 2 2
15 59 2
39 62 2
11 14 2
4 41 1
41 57 2
9 77 1
60 15 2
1 67 1
19 74 2
32 41 2
65 65 2
17 37 2
62 43 2
12 54 1
13 76 1
41 36 2
28 23 2
69 41 2
66 33 2
72 73 2
22 17 2
73 8 2
8 45 1
37 36 2
60 77 2
71 80 2
21 53 2
32 15 2
21 63 2
8 32 1
54 61 2
7 17 1
5 67 1
38 40 2
24 26 2
52 15 2
10 23 2
34 72 2
79 31 2
49 59 2
24 25 2
48 52 2
55 75 2
59 38 2
64 60 2
7 5 1
66 44 2
67 80 2
58 12 2
1 15 2
45 66 2
49 15 2
51 67 2
76 31 2
72 54 2
11 65 1
56 37 2
33 37 2
60 56 2
46 74 2
63 24 2
27 47 2
65 13 2
27 27 2
30 60 2
51 72 2
18 31 2
47 25 2
42 24 2
65 44 2
8 52 1
59 47 2
51 54 2
72 65 2
29 69 2
32 43 2
17 22 2
77 66 2
46 18 2
57 76 2
43 19 2
31 5 2
48 23 2
69 24 2
24 60 2
44 58 2
55 66 2
29 37 2
17 65 2
9 23 1
3 58 1
64 6 2
59 22 2
20 16 2
52 55 2
43 27 2
8 43 1
47 72 2
52 49 2
61 48 2
44 43 2
66 66 2
6 58 1
36 19 2
20 47 2
68 59 2
5 61 1
62 21 2
23 14 2
10 59 1
78 18 2
78 20 2
20 20 2
64 13 2
17 54 2
14 44 2
67 68 2
79 13 2
78 22 2
2 35 1
70 47 2
40 23 2
11 28 2
16 73 2
7 2 2
57 28 2
56 45 2
14 76 2
58 66 2
18 75 2
50 8 2
57 32 2
41 22 2
12 34 2
24 8 2
47 48 2
54 19 2
26 0 2
19 61 2
61 22 2
19 37 2
0 50 1
62 67 2
34 66 2
60 3 2
30 79 2
21 36 2
45 7 2
80 39 1
1 2 2
41 77 2
65 70 2
18 24 2
19 72 2
29 7 2
2 69 1
22 69 2
13 0 2
47 45 2
52 10 2
68 46 2
43 56 2
52 52 2
35 38 2
6 19 1
7 78 1
58 59 2
65 45 2
74 12 2
62 10 2
24 29 2
73 74 2
49 68 2
61 30 2
35 14 2
27 65 2
43 9 2
52 30 2
35 32 2
65 29 2
68 70 2
46 47 2
14 55 2
31 0 2
9 72 1
36 15 2
64 55 2
31 23 2
9 70 1
6 59 1
23 5 2
14 35 2
68 58 2
52 23 2
40 64 2
50 52 2
65 54 2
38 1 2
15 39 2
70 61 2
51 69 2
17 46 2
48 50 2
59 6 2
60 2 2
9 61 1
22 8 2
11 25 2
75 80 2
79 20 2
54 73 2
63 11 2
57 75 2
71 49 2
51 0 2
14 21 2
20 24 2
53 27 2
7 52 1
30 30 2
49 54 2
28 19 2
52 25 2
66 45 2
26 80 2
20 42 2
24 4 2
2 4 2
78 13 2
0 47 1
50 4 2
53 59 2
35 79 2
79 47 2
4 38 1
47 39 2
57 73 2
56 50 2
22 10 2
32 74 2
80 9 2
25 19 2
71 47 2
55 28 2
9 64 1
80 5 2
78 26 2
15 6 2
80 29 2
75 13 2
71 38 2
13 10 2
39 28 2
3 3 2
80 0 2
35 3 2
56 19 2
29 12 2
47 2 2
36 35 2
61 49 2
72 9 2
67 45 2
77 33 2
15 31 2
27 34 2
64 51 2
38 31 2
9 21 1
33 20 2
36 64 2
17 36 2
52 28 2
70 30 2
13 78 1
42 7 2
71 16 2
28 52 2
65 2 2
57 21 2
37 60 2
4 25 1
34 79 2
56 74 2
69 64 2
61 76 2
52 79 2
11 51 1
53 1 2
22 12 2
4 18 1
35 61 2
60 76 2
52 62 2
72 30 2
48 48 2
6 6 1
61 18 2
55 70 2
0 8 2
43 55 2
44 49 2
72 17 2
32 0 2
46 19 2
1 79 1
72 56 2
18 6 2
19 18 2
31 66 2
55 73 2
58 37 2
70 72 2
42 43 2
38 75 2
2 17 1
39 15 2
7 76 1
43 33 2
41 76 2
23 32 2
36 55 2
36 80 2
39 42 2
28 49 2
3 74 1
30 76 2
72 49 2
47 38 2
52 53 2
60 74 2
50 60 2
44 77 2
61 8 2
67 15 2
78 35 2
23 43 2
62 28 2
47 69 2
58 32 2
60 38 2
23 56 2
68 55 2
31 73 2
31 74 2
68 76 2
77 39 2
46 72 2
34 19 2
48 31 2
33 53 2
71 40 2
54 74 2
56 65 2
3 30 1
13 26 2
56 54 2
18 49 2
77 48 2
64 61 2
40 71 2
22 37 2
8 38 1
65 52 2
18 14 2
42 63 2
39 33 2
80 11 2
60 60 2
13 32 2
74 67 2
72 21 2
52 75 2
66 13 2
55 65 2
24 2 2
72 69 2
60 7 2
9 22 1
26 39 2
11 27 2
55 53 2
76 65 2
23 20 2
6 33 1
39 70 2
40 41 2
2 76 1
32 50 2
3 14 1
10 70 1
46 58 2
63 38 2
18 27 2
72 29 2
29 29 2
38 68 2
50 24 2
47 30 2
54 51 2
69 60 2
13 35 2
41 35 2
7 6 1
61 19 2
69 37 2
76 26 2
6 49 1
74 48 2
44 61 2
46 31 2
55 12 2
10 48 1
45 28 2
67 48 2
34 33 2
2 63 1
16 41 2
30 26 2
33 44 2
80 19 2
1 30 1
64 31 2
44 57 2
52 71 2
51 11 2
10 38 1
66 61 2
16 32 2
8 31 1
59 34 2
32 73 2
0 48 1
50 22 2
46 33 2
79 6 2
31 39 2
10 5 2
59 14 2
5 52 1
4 78 1
70 2 2
4 55 1
70 74 2
7 33 1
54 34 2
43 13 2
54 70 2
24 35 2
64 80 2
65 37 2
25 61 2
29 56 2
37 53 2
39 57 2
17 24 2
37 67 2
38 16 2
61 25 2
62 14 2
29 2 2
60 5 2
36 38 2
46 28 2
63 34 2
63 37 2
5 73 1
29 80 2
57 23 2
70 0 2
19 13 2
76 45 2
3 72 1
15 21 2
46 6 2
54 26 2
72 44 2
2 29 1
68 15 2
72 12 2
53 16 2
51 23 2
53 42 2
20 53 2
46 7 2
42 14 2
48 43 2
47 68 2
25 58 2
16 43 2
7 37 1
23 18 2
29 8 2
74 75 2
52 7 2
56 59 2
47 52 2
39 43 2
2 6 2
65 36 2
52 3 2
50 63 2
62 70 2
61 56 2
40 74 2
71 59 2
45 47 2
22 15 2
72 14 2
72 31 2
79 77 1
26 12 2
1 70 1
77 12 2
24 10 2
72 78 2
63 45 2
61 54 2
1 34 1
44 67 2
65 30 2
42 44 2
78 38 2
18 76 2
48 80 2
49 46 2
73 56 2
30 58 2
25 28 2
66 20 2
36 17 2
17 77 2
45 48 2
34 0 2
20 67 2
15 1 2
4 20 1
31 80 2
7 80 1
6 62 1
60 19 2
15 70 2
59 32 2
12 39 2
22 61 2
34 29 2
59 36 2
61 5 2
47 31 2
23 64 2
71 22 2
67 23 2
30 59 2
9 34 1
65 16 2
30 56 2
6 23 1
17 58 2
66 63 2
20 27 2
61 27 2
63 8 2
29 15 2
43 23 2
35 2 2
33 23 2
28 73 2
14 77 2
70 60 2
10 63 1
15 15 2
80 27 2
18 44 2
65 78 2
10 0 2
27 75 2
64 67 2
77 21 2
76 3 2
37 61 2
55 54 2
68 12 2
50 20 2
70 27 2
76 32 2
29 76 2
51 8 2
43 7 2
8 69 1
61 17 2
59 68 2
74 45 2
62 74 2
2 72 1
62 65 2
44 29 2
49 18 2
22 22 2
73 14 2
45 34 2
25 70 2
7 61 1
34 56 2
68 61 2
59 41 2
79 78 1
73 49 2
8 70 1
43 70 2
25 13 2
69 74 2
73 35 2
12 74 1
59 44 2
25 44 2
10 15 2
69 67 2
49 44 2
3 11 1
10 9 2
52 68 2
69 56 2
76 43 2
41 65 2
3 20 1
24 28 2
10 36 1
74 15 2
71 43 2
36 25 2
4 34 1
13 8 2
72 46 2
14 46 2
0 6 2
10 2 2
33 63 2
61 64 2
38 62 2
10 30 1
22 76 2
15 18 2
72 45 2
53 80 2
47 61 2
47 41 2
28 26 2
64 28 2
46 40 2
47 62 2
18 61 2
69 63 2
18 62 2
27 61 2
78 23 2
57 50 2
3 25 1
4 64 1
28 7 2
56 51 2
60 24 2
61 31 2
54 54 2
22 57 2
49 56 2
51 55 2
68 77 2
80 28 2
55 39 2
46 17 2
74 63 2
60 61 2
68 78 2
33 73 2
59 73 2
8 61 1
41 69 2
57 52 2
7 19 1
1 59 1
6 11 1
1 45 1
36 37 2
48 58 2
39 72 2
35 50 2
12 79 1
46 42 2
63 16 2
11 44 1
46 10 2
4 33 1
28 18 2
9 1 2
1 47 1
52 35 2
72 43 2
29 41 2
16 76 2
32 7 2
57 2 2
29 53 2
44 62 2
16 40 2
38 64 2
28 45 2
0 35 1
64 44 2
2 77 1
6 53 1
35 24 2
63 54 2
34 63 2
15 35 2
13 24 2
4 48 1
49 79 2
32 76 2
72 40 2
48 1 2
21 21 2
75 79 2
7 47 1
10 79 1
36 66 2
49 37 2
65 77 2
4 6 1
16 46 2
49 35 2
32 65 2
21 4 2
48 7 2
47 13 2
51 60 2
36 45 2
60 71 2
27 2 2
77 14 2
18 25 2
40 55 2
42 55 2
46 75 2
61 11 2
60 21 2
32 51 2
69 68 2
5 4 1
37 37 2
62 24 2
48 8 2
5 42 1
7 57 1
62 59 2
71 11 2
54 62 2
43 63 2
11 11 2
15 55 2
54 32 2
45 9 2
80 10 2
15 51 2
15 5 2
75 17 2
50 61 2
25 55 2
11 22 2
76 4 2
63 41 2
40 19 2
73 52 2
18 21 2
19 10 2
52 58 2
49 76 2
3 8 1
30 42 2
59 69 2
26 50 2
29 58 2
68 36 2
40 38 2
69 57 2
35 26 2
50 29 2
40 75 2
38 61 2
54 1 2
5 8 1
7 16 1
13 30 2
14 30 2
66 62 2
54 49 2
54 48 2
65 22 2
73 31 2
45 24 2
68 22 2
53 39 2
8 19 1
11 67 1
75 27 2
72 8 2
19 26 2
21 10 2
30 43 2
79 17 2
70 57 2
8 35 1
21 75 2
22 6 2
21 42 2
43 21 2
45 5 2
20 38 2
11 23 2
55 16 2
12 27 2
80 47 1
60 63 2
54 52 2
72 3 2
37 54 2
80 49 1
9 47 1
26 20 2
78 71 1
31 26 2
39 35 2
22 24 2
33 13 2
48 70 2
58 18 2
44 3 2
14 48 2
7 65 1
26 15 2
74 53 2
68 44 2
51 41 2
54 16 2
28 21 2
55 37 2
38 0 2
51 2 2
22 21 2
39 40 2
59 54 2
68 6 2
19 33 2
8 3 2
28 78 2
63 75 2
34 55 2
27 71 2
64 57 2
24 74 2
8 63 1
34 34 2
38 43 2
13 13 2
20 69 2
36 8 2
34 65 2
19 19 2
35 8 2
5 11 1
55 33 2
36 60 2
67 10 2
46 24 2
23 71 2
4 16 1
16 24 2
61 32 2
40 34 2
41 20 2
33 36 2
51 52 2
8 59 1
46 51 2
32 4 2
72 38 2
19 22 2
51 71 2
58 55 2
46 56 2
37 1 2
61 38 2
13 6 2
53 28 2
3 18 1
52 61 2
79 46 2
3 49 1
3 10 1
11 42 1
0 78 1
41 58 2
50 50 2
12 35 2
75 75 2
32 80 2
54 67 2
52 66 2
29 6 2
44 32 2
61 71 2
13 40 2
52 24 2
35 1 2
74 31 2
0 73 1
17 1 2
62 8 2
49 5 2
50 67 2
42 1 2
16 9 2
80 69 1
47 4 2
51 37 2
30 52 2
16 44 2
79 40 2
77 55 2
13 44 2
21 29 2
62 36 2
14 34 2
35 0 2
19 27 2
54 14 2
28 76 2
11 20 2
62 73 2
43 39 2
17 67 2
53 11 2
21 77 2
47 18 2
49 48 2
30 2 2
4 58 1
46 38 2
22 2 2
61 80 2
33 39 2
59 16 2
69 18 2
14 43 2
48 76 2
78 52 2
55 44 2
20 50 2
51 59 2
57 72 2
38 76 2
28 64 2
54 55 2
23 72 2
68 31 2
9 76 1
67 20 2
14 18 2
23 25 2
45 44 2
6 63 1
12 71 1
74 70 2
56 23 2
58 42 2
32 6 2
44 7 2
73 61 2
20 25 2
53 71 2
66 31 2
17 6 2
39 74 2
18 23 2
24 46 2
64 73 2
62 0 2
29 30 2
65 28 2
60 42 2
41 55 2
25 75 2
19 46 2
51 49 2
42 17 2
40 6 2
39 54 2
29 60 2
49 7 2
44 78 2
8 0 2
63 77 2
6 46 1
42 59 2
49 42 2
50 26 2
75 61 2
58 80 2
54 71 2
4 0 2
14 16 2
46 3 2
40 42 2
12 65 1
74 30 2
23 47 2
22 75 2
51 20 2
23 22 2
15 64 2
43 59 2
50 37 2
1 22 1
71 39 2
56 12 2
35 6 2
40 13 2
11 5 2
21 45 2
0 59 1
80 33 2
24 77 2
3 26 1
40 8 2
74 43 2
53 53 2
2 42 1
33 77 2
0 9 2
27 58 2
16 37 2
4 1 2
7 39 1
67 60 2
42 38 2
2 21 1
2 38 1
77 19 2
8 34 1
8 49 1
15 26 2
75 2 2
44 5 2
31 56 2
16 6 2
33 11 2
50 35 2
72 13 2
59 63 2
70 66 2
19 9 2
32 18 2
19 0 2
52 22 2
70 45 2
32 37 2
44 72 2
4 66 1
7 56 1
67 76 2
45 26 2
79 10 2
31 19 2
12 5 2
52 63 2
23 27 2
29 61 2
65 8 2
52 42 2
43 14 2
16 74 2
27 9 2
37 3 2
44 65 2
30 75 2
17 7 2
67 79 2
59 26 2
52 21 2
18 13 2
76 9 2
3 51 1
76 63 2
26 14 2
10 28 1
67 14 2
2 7 2
41 23 2
23 76 2
21 7 2
30 1 2
63 12 2
70 42 2
71 71 2
40 33 2
17 68 2
2 58 1
6 68 1
72 66 2
56 17 2
70 76 2
4 71 1
40 51 2
57 44 2
67 8 2
29 62 2
27 12 2
66 75 2
32 11 2
32 35 2
7 12 1
1 9 2
51 4 2
43 48 2
22 78 2
6 48 1
74 51 2
8 20 1
3 41 1
20 29 2
24 69 2
74 20 2
2 25 1
79 63 1
27 43 2
18 70 2
9 6 2
38 28 2
73 80 2
24 20 2
67 42 2
28 35 2
14 63 2
26 18 2
60 11 2
20 72 2
52 2 2
57 60 2
79 49 2
74 49 2
17 27 2
74 69 2
1 64 1
69 73 2
80 44 1
66 15 2
73 68 2
58 43 2
52 54 2
3 55 1
77 34 2
33 7 2
1 62 1
7 73 1
56 20 2
58 4 2
65 49 2
69 19 2
61 1 2
34 3 2
52 27 2
44 41 2
74 6 2
45 46 2
3 75 1
49 41 2
71 15 2
11 37 1
56 41 2
69 50 2
14 72 2
22 79 2
10 68 1
78 12 2
64 48 2
30 77 2
73 46 2
12 1 2
64 29 2
5 30 1
15 24 2
17 5 2
3 31 1
77 60 2
52 59 2
9 27 1
9 50 1
36 13 2
24 54 2
36 20 2
77 41 2
10 69 1
9 62 1
6 25 1
5 63 1
24 78 2
44 17 2
9 69 1
71 77 2
37 12 2
49 72 2
12 6 2
42 70 2
56 22 2
54 43 2
74 14 2
0 62 1
53 21 2
0 18 2
66 28 2
69 9 2
0 30 1
33 46 2
49 33 2
38 6 2
34 43 2
30 6 2
73 59 2
65 21 2
11 26 2
46 34 2
69 36 2
63 27 2
15 37 2
32 26 2
2 66 1
73 11 2
28 28 2
33 68 2
13 14 2
43 11 2
47 28 2
46 36 2
39 24 2
65 35 2
74 17 2
76 66 2
29 27 2
1 74 1
53 23 2
0 10 2
30 18 2
40 40 2
0 11 2
23 26 2
2 24 1
59 46 2
56 29 2
3 33 1
77 28 2
14 74 2
21 8 2
22 3 2
17 53 2
57 69 2
41 51 2
34 36 2
71 72 2
68 42 2
8 53 1
6 27 1
9 55 1
14 7 2
28 53 2
43 10 2
13 20 2
69 0 2
67 56 2
44 25 2
19 31 2
9 20 1
49 39 2
59 40 2
33 72 2
65 51 2
36 21 2
28 79 2
26 3 2
53 56 2
47 24 2
78 55 2
29 67 2
42 3 2
73 58 2
69 34 2
68 80 2
10 6 2
4 7 1
35 29 2
26 47 2
40 45 2
54 24 2
73 26 2
40 69 2
55 64 2
56 66 2
39 18 2
45 50 2
68 2 2
19 49 2
7 29 1
70 17 2
42 56 2
65 31 2
54 39 2
25 2 2
16 8 2
21 59 2
6 28 1
43 47 2
46 71 2
19 24 2
79 11 2
5 26 1
24 22 2
8 29 1
50 54 2
17 64 2
51 47 2
25 17 2
2 47 1
5 62 1
42 67 2
34 69 2
76 48 2
45 58 2
34 60 2
75 33 2
60 68 2
67 43 2
24 13 2
7 31 1
20 65 2
74 13 2
22 35 2
6 54 1
32 29 2
62 30 2
33 47 2
42 10 2
37 18 2
25 34 2
46 68 2
61 24 2
54 17 2
26 53 2
58 15 2
27 28 2
80 56 1
53 30 2
39 48 2
42 30 2
47 12 2
73 39 2
38 59 2
46 9 2
45 23 2
9 58 1
52 77 2
5 25 1
27 16 2
68 25 2
5 31 1
49 22 2
20 30 2
8 78 1
37 47 2
49 14 2
51 42 2
0 51 1
62 19 2
45 20 2
23 67 2
36 65 2
32 27 2
30 15 2
63 15 2
80 40 1
31 14 2
62 2 2
22 1 2
19 41 2
28 50 2
79 3 2
9 80 1
53 3 2
12 28 2
34 14 2
21 15 2
63 6 2
71 14 2
7 20 1
23 69 2
42 45 2
55 9 2
66 9 2
8 76 1
61 69 2
62 33 2
18 69 2
71 54 2
62 40 2
70 70 2
10 44 1
19 43 2
31 52 2
27 60 2
55 78 2
44 1 2
66 40 2
29 28 2
67 57 2
44 15 2
50 11 2
36 9 2
34 32 2
13 68 1
74 25 2
65 64 2
5 39 1
34 26 2
24 65 2
45 36 2
34 54 2
34 9 2
36 56 2
61 4 2
69 42 2
24 42 2
76 58 2
78 15 2
6 64 1
6 24 1
15 60 2
63 65 2
74 16 2
44 50 2
48 77 2
51 56 2
75 21 2
78 34 2
66 74 2
24 71 2
26 58 2
19 2 2
68 1 2
63 9 2
15 65 2
55 25 2
0 63 1
33 61 2
13 31 2
22 14 2
8 74 1
48 71 2
65 46 2
30 11 2
11 75 1
34 64 2
32 12 2
40 68 2
66 38 2
27 80 2
61 70 2
31 41 2
77 24 2
52 38 2
28 10 2
0 65 1
18 38 2
24 49 2
42 79 2
78 77 1
5 76 1
30 69 2
15 7 2
74 46 2
7 77 1
20 13 2
6 16 1
1 29 1
48 18 2
36 78 2
37 25 2
37 76 2
55 0 2
3 42 1
15 58 2
77 15 2
45 43 2
41 71 2
31 70 2
42 26 2
66 10 2
2 53 1
37 56 2
39 36 2
78 9 2
37 50 2
80 41 1
76 11 2
19 65 2
36 3 2
54 46 2
31 42 2
80 52 1
49 62 2
66 4 2
64 15 2
39 41 2
55 58 2
46 43 2
3 29 1
35 31 2
56 18 2
57 31 2
69 25 2
48 10 2
36 12 2
65 73 2
5 41 1
51 18 2
56 72 2
22 39 2
2 45 1
13 11 2
59 74 2
56 1 2
74 27 2
39 12 2
24 41 2
11 40 1
75 51 2
16 80 2
0 31 1
36 46 2
49 17 2
63 48 2
68 40 2
58 67 2
15 68 2
58 62 2
69 8 2
30 22 2
23 23 2
9 14 2
21 54 2
75 50 2
59 55 2
20 48 2
14 45 2
56 76 2
31 43 2
9 19 1
75 65 2
11 35 2
30 38 2
12 33 2
41 26 2
78 64 2
46 0 2
49 43 2
42 51 2
25 57 2
49 77 2
58 6 2
49 21 2
69 1 2
7 21 1
78 19 2
80 32 2
73 76 2
53 75 2
23 42 2
38 51 2
9 9 2
31 1 2
22 62 2
33 8 2
22 74 2
38 22 2
74 59 2
38 54 2
49 26 2
36 14 2
41 2 2
25 14 2
5 19 1
40 22 2
74 36 2
78 66 1
13 15 2
45 1 2
51 14 2
33 66 2
76 7 2
73 43 2
1 53 1
39 52 2
70 3 2
24 76 2
26 36 2
70 31 2
65 19 2
22 71 2
12 7 2
47 80 2
51 32 2
67 17 2
75 39 2
40 80 2
13 72 1
8 25 1
16 0 2
2 61 1
44 4 2
3 2 2
59 27 2
70 10 2
80 50 1
28 27 2
56 67 2
77 26 2
5 66 1
68 65 2
16 59 2
15 25 2
62 11 2
15 43 2
15 30 2
63 23 2
24 61 2
55 27 2
44 35 2
71 29 2
11 55 1
42 27 2
50 36 2
76 35 2
76 71 2
37 31 2
3 70 1
69 54 2
56 75 2
55 6 2
77 6 2
48 37 2
35 33 2
19 38 2
35 43 2
49 45 2
69 76 2
54 53 2
50 5 2
23 3 2
42 73 2
69 4 2
64 78 2
20 68 2
31 51 2
24 80 2
9 44 1
29 47 2
7 44 1
12 46 2
31 76 2
2 50 1
74 57 2
65 43 2
78 11 2
70 53 2
34 58 2
67 21 2
58 72 2
58 40 2
48 73 2
20 21 2
22 9 2
61 12 2
0 55 1
41 10 2
19 4 2
72 64 2
54 7 2
25 69 2
30 21 2
35 74 2
45 6 2
28 41 2
50 38 2
11 4 2
36 53 2
47 40 2
18 11 2
5 64 1
23 34 2
29 21 2
35 35 2
50 71 2
52 69 2
9 18 1
29 17 2
62 78 2
11 62 1
68 49 2
68 56 2
63 62 2
37 34 2
60 62 2
55 72 2
7 7 1
38 12 2
40 31 2
65 9 2
56 47 2
70 15 2
66 78 2
9 36 1
72 37 2
37 79 2
0 44 1
45 38 2
48 54 2
29 39 2
74 10 2
9 46 1
17 21 2
73 32 2
43 15 2
68 11 2
3 22 1
41 34 2
16 26 2
16 52 2
12 32 2
23 48 2
59 79 2
37 48 2
37 19 2
49 25 2
10 1 2
44 75 2
68 32 2
68 69 2
32 56 2
39 47 2
31 30 2
62 15 2
11 50 1
60 78 2
73 25 2
42 6 2
8 51 1
56 56 2
22 45 2
5 33 1
43 16 2
67 5 2
2 54 1
25 4 2
65 80 2
65 23 2
21 11 2
60 64 2
19 77 2
1 68 1
4 13 1
31 57 2
2 32 1
56 30 2
65 12 2
35 65 2
44 53 2
55 52 2
21 51 2
70 28 2
19 73 2
11 21 2
18 3 2
35 70 2
44 39 2
9 43 1
21 61 2
59 43 2
13 47 2
80 4 2
20 52 2
31 72 2
58 5 2
60 35 2
8 46 1
53 43 2
59 56 2
71 5 2
24 14 2
34 11 2
53 64 2
61 79 2
28 33 2
5 74 1
73 5 2
52 73 2
18 37 2
60 30 2
19 59 2
49 31 2
39 51 2
64 54 2
23 29 2
66 22 2
59 64 2
44 12 2
57 38 2
18 60 2
38 46 2
19 3 2
0 61 1
71 76 2
52 46 2
52 1 2
20 1 2
40 66 2
2 36 1
19 12 2
74 2 2
60 58 2
59 23 2
22 38 2
3 24 1
57 10 2
7 42 1
30 40 2
14 32 2
72 26 2
38 63 2
65 24 2
3 56 1
67 12 2
43 49 2
7 36 1
72 4 2
62 31 2
72 59 2
1 6 2
36 16 2
65 59 2
54 31 2
38 66 2
79 69 1
2 49 1
37 59 2
71 28 2
5 72 1
16 75 2
13 43 2
60 55 2
10 10 2
31 60 2
60 50 2
71 61 2
63 78 2
45 64 2
74 78 2
4 36 1
76 6 2
69 5 2
59 35 2
77 64 2
1 5 2
76 13 2
79 7 2
12 72 1
25 26 2
41 18 2
60 36 2
48 69 2
31 2 2
40 53 2
18 19 2
75 74 2
2 48 1
74 3 2
50 49 2
72 50 2
57 39 2
72 6 2
35 37 2
28 59 2
50 27 2
5 12 1
80 22 2
54 65 2
7 30 1
56 80 2
46 50 2
79 58 1
76 23 2
22 59 2
36 31 2
31 33 2
32 58 2
71 0 2
9 15 2
52 56 2
76 21 2
35 16 2
32 72 2
36 48 2
49 4 2
31 77 2
8 71 1
76 70 2
12 22 2
45 56 2
11 39 1
57 15 2
62 47 2
41 67 2
26 41 2
69 59 2
27 54 2
35 17 2
15 17 2
23 17 2
63 4 2
17 49 2
55 47 2
37 38 2
71 63 2
35 62 2
19 25 2
16 16 2
15 69 2
35 48 2
21 57 2
31 59 2
21 14 2
0 69 1
31 21 2
71 7 2
50 30 2
33 75 2
43 20 2
68 53 2
50 65 2
65 48 2
15 71 2
28 74 2
49 6 2
51 63 2
14 2 2
5 32 1
30 63 2
6 15 1
29 78 2
26 45 2
25 41 2
56 69 2
80 42 1
68 9 2
47 49 2
77 75 2
12 64 1
12 19 2
61 65 2
40 39 2
25 0 2
68 68 2
47 11 2
0 56 1
78 73 1
20 49 2
66 56 2
65 7 2
26 6 2
62 62 2
48 46 2
48 68 2
47 19 2
70 19 2
21 25 2
71 24 2
50 72 2
6 2 1
49 9 2
3 63 1
77 44 2
8 23 1
23 33 2
1 44 1
56 79 2
41 41 2
74 68 2
68 43 2
24 12 2
36 33 2
22 43 2
7 45 1
76 60 2
15 47 2
3 12 1
1 77 1
16 68 2
17 44 2
6 75 1
74 1 2
38 35 2
26 23 2
19 67 2
36 2 2
5 7 1
68 27 2
73 10 2
62 80 2
16 17 2
33 34 2
58 50 2
75 78 2
30 0 2
20 51 2
79 29 2
59 75 2
78 33 2
16 30 2
18 39 2
54 42 2
75 16 2
32 77 2
47 36 2
19 48 2
6 20 1
58 70 2
76 34 2
7 55 1
42 16 2
41 9 2
13 57 2
53 25 2
36 22 2
25 50 2
9 48 1
73 73 2
51 50 2
12 0 2
8 47 1
43 80 2
20 4 2
22 34 2
48 17 2
65 27 2
79 24 2
38 79 2
50 57 2
79 65 1
68 41 2
53 24 2
35 72 2
38 53 2
57 56 2
9 31 1
60 69 2
57 47 2
54 4 2
64 56 2
17 35 2
54 2 2
80 14 2
73 72 2
2 56 1
6 45 1
48 65 2
73 37 2
30 68 2
3 43 1
80 57 1
28 72 2
65 76 2
48 15 2
14 73 2
38 65 2
21 79 2
23 24 2
24 72 2
12 37 2
38 74 2
4 67 1
26 69 2
1 76 1
67 33 2
70 26 2
61 46 2
18 47 2
44 16 2
70 40 2
13 80 1
2 0 2
77 53 2
23 60 2
70 7 2
13 34 2
78 4 2
9 39 1
75 59 2
41 16 2
51 58 2
79 57 1
44 64 2
12 43 2
58 60 2
32 75 2
48 59 2
10 26 1
48 5 2
26 10 2
0 19 2
69 44 2
63 10 2
33 56 2
24 31 2
63 71 2
2 5 2
23 57 2
58 49 2
48 12 2
67 50 2
51 22 2
10 77 1
53 73 2
73 70 2
71 56 2
38 36 2
11 36 2
60 23 2
79 21 2
21 43 2
22 53 2
59 8 2
70 75 2
46 23 2
21 27 2
34 76 2
45 59 2
76 73 2
80 63 1
56 28 2
68 35 2
24 1 2
76 10 2
43 8 2
12 26 2
18 9 2
51 35 2
43 24 2
69 45 2
74 42 2
14 78 2
42 0 2
3 54 1
17 56 2
60 14 2
21 80 2
55 36 2
58 8 2
79 25 2
8 30 1
3 80 1
46 14 2
38 50 2
45 4 2
46 11 2
28 17 2
53 79 2
74 41 2
61 61 2
61 15 2
70 79 2
68 60 2
23 74 2
16 10 2
31 62 2
70 35 2
13 56 2
77 49 2
20 3 2
80 65 1
56 36 2
41 63 2
0 67 1
70 32 2
4 11 1
43 41 2
37 15 2
27 68 2
5 14 1
80 13 2
74 65 2
14 12 2
18 36 2
33 43 2
16 56 2
39 75 2
0 0 2
54 77 2
56 39 2
15 76 2
66 51 2
71 33 2
64 36 2
12 55 1
29 68 2
35 30 2
34 46 2
41 29 2
65 34 2
57 58 2
4 2 1
53 34 2
1 75 1
33 4 2
38 80 2
39 7 2
61 73 2
43 28 2
23 2 2
11 72 1
47 17 2
44 52 2
45 35 2
75 45 2
17 47 2
79 72 1
57 45 2
13 3 2
29 23 2
56 35 2
56 31 2
68 39 2
5 78 1
21 16 2
59 19 2
75 1 2
3 68 1
18 58 2
37 80 2
46 55 2
47 0 2
30 25 2
76 29 2
25 22 2
50 34 2
57 1 2
71 57 2
18 65 2
36 11 2
43 65 2
36 30 2
64 22 2
18 71 2
42 72 2
22 51 2
55 8 2
15 32 2
2 68 1
29 73 2
53 22 2
44 60 2
70 44 2
46 70 2
3 15 1
43 64 2
14 22 2
59 31 2
47 7 2
27 50 2
63 56 2
43 45 2
20 8 2
40 60 2
22 28 2
73 29 2
42 8 2
33 35 2
39 61 2
37 78 2
52 36 2
29 3 2
75 34 2
19 21 2
36 58 2
25 45 2
23 63 2
6 26 1
8 67 1
3 60 1
53 61 2
44 10 2
76 55 2
34 80 2
25 74 2
45 18 2
62 3 2
65 72 2
15 14 2
3 23 1
25 24 2
21 33 2
31 32 2
19 75 2
37 43 2
65 38 2
1 57 1
56 46 2
26 46 2
35 22 2
47 47 2
39 26 2
40 67 2
36 73 2
14 80 2
67 61 2
66 68 2
53 35 2
31 18 2
75 14 2
38 48 2
1 48 1
35 20 2
58 75 2
75 4 2
54 41 2
44 24 2
7 35 1
39 5 2
75 11 2
57 5 2
75 58 2
55 62 2
62 7 2
44 68 2
72 11 2
40 5 2
26 9 2
70 54 2
77 42 2
24 39 2
77 61 2
19 44 2
17 62 2
76 47 2
21 31 2
77 36 2
16 51 2
16 38 2
6 79 1
27 72 2
12 78 1
61 33 2
39 63 2
15 20 2
39 6 2
11 18 2
16 71 2
30 9 2
49 50 2
18 15 2
61 7 2
29 46 2
55 38 2
13 54 2
29 48 2
78 68 1
1 69 1
46 64 2
18 20 2
20 36 2
29 31 2
56 2 2
71 51 2
63 46 2
63 1 2
38 2 2
53 58 2
37 21 2
55 21 2
76 56 2
80 72 1
65 42 2
43 51 2
60 37 2
22 18 2
29 74 2
47 33 2
65 1 2
72 5 2
80 15 2
45 75 2
68 21 2
63 60 2
35 36 2
24 40 2
36 5 2
24 18 2
14 56 2
0 27 1
68 63 2
62 56 2
71 69 2
25 16 2
41 60 2
72 62 2
48 35 2
35 60 2
50 2 2
21 24 2
27 23 2
77 30 2
75 6 2
7 3 2
12 58 1
39 78 2
27 56 2
71 36 2
27 42 2
79 75 1
17 19 2
67 39 2
69 16 2
26 38 2
43 29 2
64 45 2
16 66 2
30 31 2
31 64 2
20 0 2
50 51 2
12 70 1
8 17 1
71 75 2
73 62 2
27 26 2
45 78 2
74 64 2
63 26 2
62 76 2
47 20 2
32 46 2
62 37 2
31 22 2
42 77 2
4 32 1
7 22 1
8 80 1
27 55 2
32 57 2
60 40 2
19 29 2
37 14 2
19 36 2
20 2 2
69 6 2
20 43 2
18 64 2
12 38 2
0 52 1
34 47 2
43 37 2
76 42 2
69 29 2
71 20 2
75 60 2
78 70 1
37 73 2
17 38 2
37 27 2
76 64 2
16 20 2
8 26 1
25 1 2
39 58 2
47 6 2
24 79 2
4 23 1
65 15 2
57 17 2
9 68 1
0 21 2
46 45 2
33 30 2
59 57 2
18 51 2
36 23 2
33 42 2
63 14 2
35 73 2
41 68 2
46 29 2
26 31 2
1 78 1
58 31 2
53 10 2
9 42 1
63 36 2
28 46 2
52 34 2
62 41 2
27 21 2
33 12 2
49 53 2
18 41 2
9 24 1
31 48 2
51 6 2
9 75 1
50 3 2
65 14 2
8 1 2
5 10 1
54 63 2
36 54 2
62 25 2
9 52 1
79 39 2
44 27 2
14 31 2
73 71 2
67 51 2
9 53 1
13 49 2
74 74 2
58 51 2
29 45 2
26 34 2
32 9 2
14 37 2
39 69 2
69 20 2
8 62 1
64 59 2
77 46 2
4 30 1
36 69 2
14 10 2
77 47 2
47 14 2
31 4 2
34 37 2
10 58 1
20 40 2
34 24 2
30 65 2
46 32 2
74 80 2
11 45 1
22 70 2
49 64 2
51 68 2
57 22 2
61 51 2
76 72 2
34 67 2
0 41 1
5 20 1
16 69 2
47 3 2
35 45 2
15 27 2
32 63 2
13 66 1
39 23 2
77 20 2
46 16 2
5 28 1
20 77 2
35 55 2
68 47 2
6 42 1
57 79 2
57 51 2
56 7 2
10 27 1
69 40 2
36 39 2
59 70 2
10 75 1
22 20 2
28 63 2
47 37 2
55 60 2
7 69 1
23 53 2
8 5 2
80 53 1
64 66 2
25 31 2
68 48 2
53 7 2
33 54 2
16 62 2
1 51 1
54 29 2
47 56 2
50 53 2
56 15 2
14 67 2
70 11 2
25 40 2
60 49 2
38 23 2
13 65 1
4 46 1
61 34 2
47 71 2
23 8 2
4 77 1
24 75 2
42 34 2
14 79 2
8 8 2
57 11 2
48 53 2
60 47 2
71 10 2
35 44 2
56 68 2
26 79 2
3 53 1
60 1 2
49 27 2
29 22 2
80 26 2
73 20 2
22 19 2
14 27 2
12 42 2
26 62 2
72 47 2
61 20 2
30 33 2
5 77 1
33 29 2
20 34 2
35 27 2
80 75 1
11 29 2
49 52 2
19 23 2
47 58 2
12 24 2
66 41 2
26 4 2
9 2 2
57 19 2
9 54 1
8 39 1
30 72 2
5 51 1
51 34 2
66 26 2
28 20 2
32 17 2
25 56 2
34 20 2
17 63 2
19 50 2
73 53 2
23 11 2
43 6 2
31 16 2
1 50 1
67 4 2
64 75 2
70 33 2
17 74 2
54 50 2
13 17 2
30 61 2
56 73 2
5 65 1
25 54 2
68 29 2
77 67 2
38 57 2
67 78 2
39 19 2
69 27 2
80 31 2
60 65 2
13 33 2
35 57 2
40 21 2
50 58 2
55 57 2
17 11 2
25 15 2
52 6 2
59 15 2
59 37 2
4 69 1
76 69 2
52 76 2
76 19 2
17 15 2
40 2 2
73 27 2
7 25 1
41 78 2
78 41 2
78 40 2
0 46 1
67 29 2
16 53 2
57 25 2
46 48 2
59 52 2
25 43 2
8 24 1
63 3 2
41 53 2
75 18 2
13 74 1
34 38 2
32 52 2
8 12 1
59 33 2
34 75 2
1 52 1
47 67 2
9 38 1
69 55 2
57 49 2
18 12 2
29 18 2
33 18 2
33 14 2
10 64 1
35 15 2
49 40 2
15 61 2
35 46 2
18 34 2
19 54 2
14 52 2
58 10 2
33 55 2
7 66 1
26 67 2
49 61 2
50 23 2
67 70 2
7 64 1
16 49 2
77 7 2
40 11 2
40 49 2
41 40 2
71 3 2
11 31 2
28 51 2
55 11 2
69 26 2
49 20 2
44 69 2
14 39 2
57 37 2
25 60 2
79 19 2
14 24 2
64 8 2
77 38 2
21 48 2
5 40 1
51 57 2
73 9 2
63 74 2
38 78 2
66 6 2
22 66 2
14 41 2
61 10 2
25 21 2
51 74 2
65 3 2
20 58 2
24 11 2
33 57 2
48 39 2
72 51 2
77 10 2
75 54 2
19 14 2
58 45 2
69 79 2
19 53 2
17 51 2
40 58 2
26 29 2
16 14 2
25 46 2
17 45 2
19 47 2
40 10 2
30 39 2
12 40 2
73 47 2
62 75 2
18 32 2
38 60 2
61 37 2
64 39 2
34 17 2
67 35 2
30 45 2
29 26 2
32 53 2
46 60 2
69 65 2
31 53 2
70 58 2
26 25 2
63 61 2
20 56 2
3 6 1
40 47 2
58 74 2
8 48 1
19 69 2
55 17 2
41 47 2
40 79 2
77 9 2
7 11 1
1 71 1
54 27 2
38 44 2
76 2 2
79 33 2
7 46 1
13 21 2
34 71 2
4 45 1
31 12 2
47 75 2
1 17 1
54 18 2
49 3 2
80 17 2
28 70 2
64 64 2
80 80 1
28 13 2
31 65 2
16 5 2
61 9 2
72 67 2
36 4 2
50 66 2
49 69 2
22 4 2
71 2 2
34 22 2
75 8 2
1 26 1
59 39 2
28 22 2
22 13 2
80 37 1
45 14 2
73 45 2
42 49 2
53 52 2
72 23 2
78 0 2
60 41 2
30 70 2
35 23 2
43 26 2
26 37 2
78 53 2
53 65 2
67 40 2
5 50 1
32 22 2
74 60 2
65 74 2
43 1 2
48 19 2
22 80 2
16 50 2
48 75 2
55 23 2
74 7 2
27 24 2
42 42 2
66 49 2
4 28 1
23 7 2
15 77 2
18 55 2
18 50 2
16 27 2
27 76 2
78 76 1
67 1 2
79 73 1
69 10 2
62 44 2
39 16 2
26 57 2
70 55 2
30 19 2
70 69 2
35 71 2
18 22 2
60 6 2
41 27 2
52 64 2
50 7 2
45 3 2
56 32 2
23 50 2
7 41 1
1 1 2
14 70 2
68 64 2
71 50 2
55 32 2
70 51 2
45 30 2
36 62 2
61 36 2
1 8 2
41 43 2
76 8 2
12 80 1
34 21 2
33 59 2
13 36 2
67 63 2
57 36 2
58 22 2
24 51 2
54 5 2
53 60 2
10 13 2
10 62 1
57 14 2
31 50 2
26 72 2
38 9 2
9 37 1
15 33 2
80 73 1
51 24 2
71 4 2
19 17 2
1 28 1
68 38 2
64 70 2
29 13 2
71 48 2
79 16 2
45 68 2
58 63 2
37 33 2
44 54 2
23 12 2
32 55 2
79 70 1
22 47 2
6 4 1
40 16 2
77 31 2
0 28 1
14 58 2
35 54 2
1 60 1
6 74 1
76 20 2
65 68 2
8 73 1
40 44 2
32 14 2
58 71 2
15 44 2
25 52 2
35 19 2
11 60 1
55 15 2
14 13 2
23 35 2
5 69 1
4 75 1
77 76 2
40 73 2
7 62 1
21 6 2
8 77 1
46 49 2
17 73 2
19 64 2
17 29 2
45 33 2
30 8 2
10 80 1
80 59 1
64 30 2
54 58 2
2 10 1
2 51 1
2 43 1
49 74 2
13 18 2
35 64 2
57 43 2
51 19 2
6 1 2
40 54 2
47 63 2
38 30 2
68 10 2
21 35 2
57 74 2
47 22 2
51 15 2
4 62 1
13 52 2
74 19 2
14 33 2
29 54 2
73 13 2
52 57 2
43 73 2
15 73 2
4 61 1
40 27 2
28 39 2
41 33 2
42 50 2
1 3 2
22 72 2
58 44 2
73 15 2
77 23 2
52 45 2
19 57 2
22 67 2
29 19 2
2 75 1
26 5 2
46 67 2
7 53 1
62 39 2
45 54 2
3 77 1
58 29 2
40 37 2
70 50 2
24 6 2
1 49 1
49 32 2
15 29 2
24 5 2
17 55 2
41 75 2
15 19 2
16 78 2
68 72 2
24 48 2
2 18 1
33 17 2
59 11 2
55 55 2
36 41 2
4 56 1
66 58 2
0 39 1
58 57 2
6 72 1
39 30 2
39 67 2
77 4 2
15 63 2
66 30 2
16 21 2
36 34 2
70 1 2
0 60 1
62 55 2
38 25 2
67 9 2
41 52 2
30 16 2
42 80 2
54 10 2
32 34 2
14 62 2
39 14 2
46 78 2
77 27 2
59 7 2
64 74 2
26 30 2
56 58 2
60 51 2
63 33 2
31 44 2
59 5 2
5 68 1
47 9 2
7 71 1
29 32 2
53 26 2
64 3 2
21 22 2
74 32 2
44 30 2
77 62 2
70 78 2
65 55 2
50 14 2
2 78 1
27 3 2
38 69 2
53 12 2
51 45 2
56 10 2
31 55 2
10 37 1
27 0 2
15 2 2
51 12 2
3 19 1
5 23 1
48 30 2
32 69 2
58 76 2
39 17 2
71 32 2
22 40 2
29 20 2
12 29 2
21 20 2
53 50 2
20 64 2
48 24 2
43 35 2
20 14 2
79 45 2
41 66 2
65 67 2
55 76 2
30 71 2
78 10 2
46 62 2
42 71 2
47 59 2
14 75 2
14 29 2
33 51 2
14 64 2
42 40 2
31 8 2
14 4 2
14 50 2
20 12 2
71 31 2
12 17 2
42 28 2
10 55 1
55 40 2
68 54 2
54 23 2
69 35 2
18 8 2
4 29 1
39 25 2
71 70 2
16 13 2
63 63 2
52 32 2
79 61 1
80 58 1
30 35 2
50 39 2
58 47 2
57 30 2
59 25 2
66 39 2
61 75 2
22 65 2
41 3 2
45 80 2
27 39 2
31 9 2
36 42 2
1 4 2
63 57 2
76 59 2
25 20 2
42 35 2
68 73 2
9 16 2
5 79 1
13 45 2
2 19 1
26 11 2
63 17 2
29 0 2
28 0 2
57 63 2
59 50 2
70 12 2
26 55 2
73 23 2
22 0 2
48 51 2
40 77 2
4 59 1
16 3 2
60 13 2
24 9 2
6 34 1
5 17 1
8 37 1
44 20 2
37 72 2
61 2 2
79 26 2
13 16 2
37 51 2
32 13 2
0 15 2
2 40 1
12 51 1
64 0 2
23 37 2
17 20 2
28 40 2
35 12 2
7 70 1
23 16 2
63 79 2
74 47 2
38 45 2
34 25 2
77 80 2
8 13 1
41 62 2
37 2 2
73 0 2
15 42 2
70 49 2
21 64 2
78 14 2
20 54 2
53 54 2
62 79 2
56 0 2
1 10 2
53 74 2
47 50 2
25 30 2
72 32 2
68 8 2
54 60 2
42 21 2
1 40 1
39 68 2
39 9 2
63 31 2
24 16 2
51 29 2
51 10 2
46 1 2
40 30 2
61 26 2
74 72 2
14 54 2
78 80 1
40 63 2
55 4 2
54 68 2
8 41 1
77 57 2
76 80 2
54 75 2
1 42 1
34 70 2
37 26 2
35 40 2
55 77 2
59 29 2
60 9 2
62 53 2
30 64 2
47 57 2
3 7 1
71 78 2
9 74 1
4 53 1
18 66 2
36 7 2
21 73 2
52 11 2
64 52 2
75 32 2
43 31 2
29 25 2
67 77 2
43 2 2
45 40 2
72 63 2
41 56 2
39 34 2
66 77 2
17 52 2
8 60 1
62 26 2
77 3 2
23 52 2
66 12 2
25 66 2
57 64 2
20 6 2
34 4 2
20 26 2
73 60 2
78 79 1
0 71 1
48 78 2
4 35 1
11 43 1
65 10 2
33 70 2
67 19 2
57 18 2
1 14 2
8 54 1
78 72 1
17 33 2
17 32 2
26 56 2
49 71 2
79 74 1
73 75 2
12 21 2
48 74 2
12 66 1
48 44 2
26 33 2
22 29 2
40 65 2
62 23 2
77 51 2
64 77 2
39 64 2
74 50 2
73 7 2
76 78 2
55 10 2
33 3 2
34 31 2
6 35 1
39 56 2
3 61 1
31 11 2
54 69 2
43 78 2
24 67 2
24 47 2
34 59 2
14 47 2
23 31 2
72 61 2
80 34 2
0 13 2
9 67 1
51 43 2
24 50 2
57 77 2
5 37 1
20 35 2
63 59 2
61 0 2
50 43 2
10 40 1
74 37 2
73 77 2
6 36 1
38 4 2
73 79 2
9 32 1
22 58 2
61 41 2
73 3 2
7 58 1
23 78 2
67 75 2
64 11 2
30 4 2
45 25 2
23 61 2
35 80 2
49 57 2
25 51 2
8 57 1
13 46 2
36 44 2
26 7 2
71 41 2
27 79 2
27 52 2
16 36 2
54 44 2
33 65 2
75 49 2
8 65 1
79 62 1
60 54 2
75 57 2
43 50 2
8 44 1
15 48 2
56 4 2
6 17 1
62 72 2
67 26 2
51 62 2
63 55 2
52 4 2
13 5 2
62 58 2
66 25 2
1 13 2
39 27 2
34 40 2
6 67 1
79 53 1
36 47 2
42 11 2
67 47 2
59 49 2
28 80 2
29 35 2
60 16 2
47 8 2
63 44 2
56 48 2
28 31 2
10 61 1
33 48 2
69 77 2
65 18 2
5 70 1
56 3 2
34 39 2
39 55 2
64 72 2
28 54 2
71 35 2
48 42 2
51 70 2
47 21 2
56 14 2
71 52 2
34 13 2
41 44 2
22 7 2
72 0 2
54 30 2
40 26 2
17 34 2
7 54 1
23 54 2
66 72 2
5 44 1
3 65 1
73 50 2
72 27 2
41 74 2
28 9 2
36 77 2
6 43 1
21 28 2
11 30 2
20 75 2
13 37 2
70 22 2
27 15 2
32 38 2
53 2 2
37 75 2
5 3 1
76 25 2
80 64 1
14 57 2
18 16 2
63 69 2
40 0 2
58 53 2
18 79 2
71 6 2
43 44 2
40 43 2
63 30 2
69 30 2
7 74 1
70 6 2
26 64 2
9 12 2
75 26 2
2 16 1
42 13 2
29 55 2
14 49 2
34 77 2
7 15 1
40 4 2
61 23 2
55 2 2
57 62 2
77 11 2
61 14 2
0 74 1
32 60 2
33 45 2
14 59 2
25 72 2
61 58 2
33 50 2
12 2 2
72 53 2
34 73 2
